Using GSL minimizer
Reading data from file ../../data/DMSO.txt
readCount = 379
data[379]={
13.500000 13.000000 14.000000 14.000000 14.400000 14.400000 14.800000 12.800000 
14.400000 15.900000 16.600000 20.600000 22.000000 14.000000 17.299999 23.799999 
28.799999 14.200000 15.200000 17.100000 17.500000 10.900000 17.500000 13.100000 
16.400000 12.500000 12.800000 12.900000 13.400000 19.000000 11.700000 12.300000 
13.200000 13.400000 12.200000 12.300000 11.300000 11.700000 12.400000 13.800000 
14.100000 14.100000 12.100000 12.900000 13.000000 13.400000 13.500000 13.500000 
13.900000 15.700000 12.400000 12.800000 14.100000 14.400000 13.000000 13.200000 
11.300000 12.000000 13.000000 13.800000 14.500000 16.299999 13.600000 13.600000 
11.900000 14.100000 14.300000 14.300000 14.400000 17.299999 17.500000 13.000000 
11.900000 11.900000 12.100000 13.400000 14.800000 15.000000 12.400000 12.400000 
11.800000 12.700000 13.900000 14.000000 14.800000 15.300000 11.500000 12.100000 
12.800000 16.100000 18.400000 14.800000 15.800000 15.600000 11.000000 13.300000 
13.900000 14.000000 11.800000 13.000000 13.600000 14.300000 11.700000 12.700000 
13.900000 14.200000 12.700000 13.200000 16.500000 14.200000 14.400000 11.800000 
18.000000 27.500000 13.300000 15.500000 12.700000 12.900000 12.900000 13.600000 
13.700000 11.400000 12.000000 12.200000 12.800000 13.100000 13.200000 12.500000 
13.200000 13.400000 14.600000 12.600000 12.900000 15.000000 28.700001 12.800000 
14.800000 11.700000 12.000000 12.500000 13.400000 13.600000 14.300000 12.400000 
13.700000 11.700000 12.100000 12.800000 13.100000 11.000000 11.700000 11.800000 
13.000000 17.000000 19.000000 14.000000 14.700000 11.400000 12.200000 12.500000 
12.500000 12.800000 12.900000 13.800000 14.500000 14.600000 14.800000 11.600000 
13.300000 11.600000 12.900000 13.100000 14.700000 13.100000 13.300000 12.200000 
12.200000 13.600000 13.600000 12.900000 13.600000 13.900000 14.400000 11.400000 
12.700000 11.300000 14.500000 14.800000 14.900000 11.500000 12.200000 12.600000 
12.900000 13.500000 11.500000 15.300000 15.500000 15.900000 13.400000 13.800000 
14.000000 33.500000 9.700000 10.900000 12.000000 12.300000 12.300000 12.700000 
12.800000 13.200000 11.700000 12.300000 13.200000 14.400000 16.400000 12.600000 
12.900000 13.000000 13.200000 13.600000 14.300000 24.700001 15.500000 19.100000 
12.300000 12.400000 12.600000 12.800000 12.900000 13.200000 13.700000 14.100000 
13.200000 14.800000 15.000000 11.400000 11.500000 12.100000 12.300000 13.200000 
13.800000 12.900000 12.900000 13.000000 11.000000 11.200000 11.600000 11.800000 
12.000000 13.000000 13.300000 14.300000 15.600000 22.500000 10.300000 11.000000 
12.600000 12.900000 13.500000 13.600000 14.700000 15.500000 11.400000 13.100000 
19.500000 12.200000 12.600000 12.800000 12.900000 17.400000 23.200001 12.100000 
13.100000 13.800000 19.200001 11.600000 12.300000 23.500000 14.800000 15.100000 
16.799999 21.500000 14.200000 15.500000 12.300000 13.800000 14.400000 16.600000 
13.300000 13.300000 13.600000 14.300000 14.600000 12.900000 14.500000 14.300000 
21.900000 13.000000 13.200000 12.600000 13.200000 13.100000 21.299999 11.300000 
11.400000 11.900000 12.000000 12.100000 12.400000 13.200000 13.200000 13.300000 
14.800000 13.200000 13.400000 13.900000 12.400000 13.000000 13.200000 13.400000 
14.500000 14.600000 12.200000 13.100000 13.300000 14.300000 15.500000 23.700001 
13.200000 13.200000 13.500000 13.700000 12.500000 12.600000 15.500000 13.500000 
13.900000 12.900000 13.600000 12.000000 12.700000 13.000000 13.700000 14.300000 
14.700000 13.900000 14.100000 14.000000 15.200000 10.300000 10.500000 12.700000 
12.900000 13.000000 14.400000 15.300000 18.600000 11.900000 11.900000 12.000000 
13.100000 13.400000 13.700000 13.800000 14.500000 11.600000 11.900000 12.000000 
12.900000 20.900000 13.100000 13.400000 13.500000 15.500000 16.299999 16.799999 
12.500000 14.500000 10.700000 }
twostagefitnomle
[fz=1 fy=1 sz=3350 skp=6699 tripcount=11215801 maxtripcount=11222500 0.000596926.3%] 
h=0.005 [fz=2 lz=6699 fy=2 sz=6700 skp=33494 tripcount=44856506 