   14.2000
   13.8000
   17.1000
   13.3000
   13.3000
   14.6000
   15.5000
   15.4000
   13.4000
   16.1000
   13.8000
   13.3000
   13.0000
   15.4000
   17.6000
   14.4000
   14.9000
   20.7000
   16.4000
   14.2000
   12.4000
   14.2000
   12.2000
   14.3000
   14.1000
   11.8000
   13.8000
   13.6000
   13.9000
   14.8000
   12.9000
   12.3000
   11.7000
   17.3000
   12.9000
   13.8000
   14.2000
   13.4000
   14.0000
   14.7000
   13.2000
   12.7000
   13.9000
   12.8000
   14.6000
   15.5000
   15.2000
   14.0000
   16.1000
   13.8000
   15.0000
   18.8000
   14.8000
   16.6000
   12.6000
   14.9000
   16.4000
   17.0000
   16.7000
   13.4000
   16.6000
   15.7000
   16.7000
   14.9000
   14.7000
   16.5000
   17.0000
   15.3000
   15.6000
   20.4000
   17.4000
   16.7000
   14.4000
   16.7000
   15.8000
   14.4000
   13.8000
   12.1000
   12.9000
   15.9000
   15.3000
   15.2000
    7.3000
   14.1000
   15.0000
   14.0000
   15.7000
   13.4000
   14.3000
   15.1000
   14.7000
   13.2000
   13.8000
   15.3000
   15.1000
   15.2000
   15.7000
   17.3000
   14.9000
   15.1000
   13.0000
   14.7000
   19.1000
   22.5000
   14.7000
   17.3000
   14.6000
   14.3000
   12.5000
   13.2000
   12.7000
   13.4000
   14.5000
   13.8000
   14.0000
   13.5000
   13.6000
   13.4000
   15.9000
   14.3000
   16.0000
   14.3000
   16.4000
   16.3000
   16.2000
   14.3000
   14.0000
   14.3000
   20.0000
   12.8000
   14.4000
   14.0000
   12.9000
   14.0000
   16.2000
   12.4000
   12.5000
   14.3000
   11.9000
   15.0000
   14.3000
   15.0000
   13.9000
   15.0000
   18.0000
   15.0000
   14.7000
   13.1000
   15.4000
   14.3000
   17.5000
   10.6000
   13.8000
   15.8000
   15.1000
   15.3000
   13.9000
   14.4000
   17.0000
   14.3000
   13.3000
   15.2000
   14.2000
   13.7000
   14.7000
   14.6000
   14.0000
   14.9000
   16.5000
   13.9000
   13.8000
   14.0000
   14.1000
   37.6000
   16.3000
   13.7000
   20.8000
   14.7000
   14.0000
   14.4000
   13.0000
   13.5000
   14.3000
   16.5000
   17.5000
   34.5000
   13.7000
   15.7000