   23.4000
   29.5000
   29.3000
   38.1000
   16.8000
   24.4000
   23.3000
   23.4000
   20.7000
   22.4000
   25.4000
   27.6000
   18.0000
   22.0000
   27.8000
   41.2000
   17.9000
   22.6000
   19.9000
   19.7000
   25.0000
   34.6000
   18.2000
   21.8000
   25.9000
   22.4000
   30.5000
   23.7000
   27.3000
   17.5000
   19.7000
   15.9000
   18.8000
   18.2000
   18.9000
   13.7000
   15.2000
   19.2000
   23.8000
   17.8000
   23.6000
   19.0000
   20.7000
   16.5000
   16.8000
   15.2000
   16.8000
   18.8000
   18.7000
   21.2000
   16.0000
   16.2000
   16.8000
   17.3000
   24.7000
   20.3000
   21.3000
   21.9000
   22.2000
   23.5000
   24.1000
   17.9000
   18.6000
   19.5000
   21.3000
   21.8000
   23.2000
   21.1000
   24.2000
   18.1000
   20.2000
   20.5000
   20.9000
   19.8000
   22.4000
   25.4000
   20.7000
   20.8000
   22.0000
   20.6000
   21.4000
   17.4000
   19.3000
   21.2000
   23.0000
   27.9000
   29.6000
   24.9000
   25.6000
   18.7000
   20.7000
   20.8000
   21.0000
   20.8000
   21.3000
   22.4000
   26.2000
   19.7000
   20.0000
   21.1000
   21.7000
   19.1000
   20.6000
   22.4000
   20.5000
   23.1000
   19.8000
   29.7000
   21.7000
   17.9000
   21.9000
   19.0000
   20.2000
   20.6000
   20.9000
   21.0000
   21.4000
   22.1000
   22.3000
   20.9000
   23.4000
   20.3000
   23.1000
   26.6000
   32.2000
   22.8000
   24.3000
   28.1000
   18.5000
   20.8000
   23.2000
   25.0000
   17.5000
   17.5000
   18.7000
   19.4000
   20.2000
   21.2000
   19.6000
   27.8000
   22.4000
   24.5000
   20.2000
   20.6000
   17.1000
   17.4000
   18.4000
   17.5000
   18.4000
   20.5000
   23.1000
   19.7000
   21.2000
   23.5000
   34.1000
   21.4000
   25.2000
   25.6000
   19.3000
   20.9000
   24.9000
   30.6000
   17.6000
   19.1000
   35.9000
   38.0000
   19.9000
   22.5000
   22.5000
   23.6000
   24.3000
   26.4000
   21.8000
   23.1000
   20.1000
   21.0000
   16.2000
   16.8000
   19.6000
   22.2000
   21.3000
   23.4000
   17.0000
   17.1000
   20.4000
   20.8000
   22.2000
   31.4000
   19.4000
   21.2000
   22.1000
   22.7000
   16.2000
   19.5000
   18.5000
   18.7000
   22.0000
   22.2000
   22.0000
   24.7000
   21.2000
   17.9000
   20.7000
   21.0000
   22.3000
   25.7000
   26.1000
   19.8000
   19.9000
   22.2000
   22.6000
   18.9000
   44.1000
   20.7000
   21.0000
   21.7000
   22.0000
   22.5000
   27.6000
   17.2000
   24.2000
   24.7000
   20.4000
   27.9000
   29.7000
   17.6000
   21.8000
   40.6000
   20.5000
   20.5000
   26.0000
   40.6000
   18.5000
   19.6000
   19.7000
   21.0000
   33.3000
   40.2000
   15.8000
   17.0000
   16.1000
   19.8000
   21.1000
   21.6000
   17.4000
   20.3000
   17.7000
   18.5000
   19.1000
   25.8000
   22.5000
   25.8000
   26.1000
   18.1000
   20.1000
   22.2000
   23.9000
   28.5000
   29.1000
   17.4000
   18.1000
   22.2000
   24.7000
   23.1000
   25.2000
   25.3000
   24.9000
   25.5000