   13.5000
   13.0000
   14.0000
   14.0000
   14.4000
   14.4000
   14.8000
   12.8000
   14.4000
   15.9000
   16.6000
   20.6000
   22.0000
   14.0000
   17.3000
   23.8000
   28.8000
   14.2000
   15.2000
   17.1000
   17.5000
   10.9000
   17.5000
   13.1000
   16.4000
   12.5000
   12.8000
   12.9000
   13.4000
   19.0000
   11.7000
   12.3000
   13.2000
   13.4000
   12.2000
   12.3000
   11.3000
   11.7000
   12.4000
   13.8000
   14.1000
   14.1000
   12.1000
   12.9000
   13.0000
   13.4000
   13.5000
   13.5000
   13.9000
   15.7000
   12.4000
   12.8000
   14.1000
   14.4000
   13.0000
   13.2000
   11.3000
   12.0000
   13.0000
   13.8000
   14.5000
   16.3000
   13.6000
   13.6000
   11.9000
   14.1000
   14.3000
   14.3000
   14.4000
   17.3000
   17.5000
   13.0000
   11.9000
   11.9000
   12.1000
   13.4000
   14.8000
   15.0000
   12.4000
   12.4000
   11.8000
   12.7000
   13.9000
   14.0000
   14.8000
   15.3000
   11.5000
   12.1000
   12.8000
   16.1000
   18.4000
   14.8000
   15.8000
   15.6000
   11.0000
   13.3000
   13.9000
   14.0000
   11.8000
   13.0000
   13.6000
   14.3000
   11.7000
   12.7000
   13.9000
   14.2000
   12.7000
   13.2000
   16.5000
   14.2000
   14.4000
   11.8000
   18.0000
   27.5000
   13.3000
   15.5000
   12.7000
   12.9000
   12.9000
   13.6000
   13.7000
   11.4000
   12.0000
   12.2000
   12.8000
   13.1000
   13.2000
   12.5000
   13.2000
   13.4000
   14.6000
   12.6000
   12.9000
   15.0000
   28.7000
   12.8000
   14.8000
   11.7000
   12.0000
   12.5000
   13.4000
   13.6000
   14.3000
   12.4000
   13.7000
   11.7000
   12.1000
   12.8000
   13.1000
   11.0000
   11.7000
   11.8000
   13.0000
   17.0000
   19.0000
   14.0000
   14.7000
   11.4000
   12.2000
   12.5000
   12.5000
   12.8000
   12.9000
   13.8000
   14.5000
   14.6000
   14.8000
   11.6000
   13.3000
   11.6000
   12.9000
   13.1000
   14.7000
   13.1000
   13.3000
   12.2000
   12.2000
   13.6000
   13.6000
   12.9000
   13.6000
   13.9000
   14.4000
   11.4000
   12.7000
   11.3000
   14.5000
   14.8000
   14.9000
   11.5000
   12.2000
   12.6000
   12.9000
   13.5000
   11.5000
   15.3000
   15.5000
   15.9000
   13.4000
   13.8000
   14.0000
   33.5000
    9.7000
   10.9000
   12.0000
   12.3000
   12.3000
   12.7000
   12.8000
   13.2000
   11.7000
   12.3000
   13.2000
   14.4000
   16.4000
   12.6000
   12.9000
   13.0000
   13.2000
   13.6000
   14.3000
   24.7000
   15.5000
   19.1000
   12.3000
   12.4000
   12.6000
   12.8000
   12.9000
   13.2000
   13.7000
   14.1000
   13.2000
   14.8000
   15.0000
   11.4000
   11.5000
   12.1000
   12.3000
   13.2000
   13.8000
   12.9000
   12.9000
   13.0000
   11.0000
   11.2000
   11.6000
   11.8000
   12.0000
   13.0000
   13.3000
   14.3000
   15.6000
   22.5000
   10.3000
   11.0000
   12.6000
   12.9000
   13.5000
   13.6000
   14.7000
   15.5000
   11.4000
   13.1000
   19.5000
   12.2000
   12.6000
   12.8000
   12.9000
   17.4000
   23.2000
   12.1000
   13.1000
   13.8000
   19.2000
   11.6000
   12.3000
   23.5000
   14.8000
   15.1000
   16.8000
   21.5000
   14.2000
   15.5000
   12.3000
   13.8000
   14.4000
   16.6000
   13.3000
   13.3000
   13.6000
   14.3000
   14.6000
   12.9000
   14.5000
   14.3000
   21.9000
   13.0000
   13.2000
   12.6000
   13.2000
   13.1000
   21.3000
   11.3000
   11.4000
   11.9000
   12.0000
   12.1000
   12.4000
   13.2000
   13.2000
   13.3000
   14.8000
   13.2000
   13.4000
   13.9000
   12.4000
   13.0000
   13.2000
   13.4000
   14.5000
   14.6000
   12.2000
   13.1000
   13.3000
   14.3000
   15.5000
   23.7000
   13.2000
   13.2000
   13.5000
   13.7000
   12.5000
   12.6000
   15.5000
   13.5000
   13.9000
   12.9000
   13.6000
   12.0000
   12.7000
   13.0000
   13.7000
   14.3000
   14.7000
   13.9000
   14.1000
   14.0000
   15.2000
   10.3000
   10.5000
   12.7000
   12.9000
   13.0000
   14.4000
   15.3000
   18.6000
   11.9000
   11.9000
   12.0000
   13.1000
   13.4000
   13.7000
   13.8000
   14.5000
   11.6000
   11.9000
   12.0000
   12.9000
   20.9000
   13.1000
   13.4000
   13.5000
   15.5000
   16.3000
   16.8000
   12.5000
   14.5000
   10.7000