   20.5000
   16.2000
   16.3000
   16.1000
   17.3000
   15.8000
   16.3000
   20.4000
   49.9000
   14.3000
   14.9000
   15.8000
   17.7000
   15.1000
   13.5000
   13.7000
   13.8000
   14.4000
   16.9000
   14.5000
   14.8000
   15.6000
   39.2000
   16.2000
   17.3000
   13.9000
   15.5000
   13.5000
   14.9000
   14.3000
   15.3000
   15.4000
   20.7000
   17.0000
   17.5000
   13.9000
   14.8000
   15.2000
   13.4000
   14.8000
   12.5000
   13.2000
   16.4000
   16.5000
   13.7000
   14.8000
   13.0000
   14.0000
   12.4000
   11.9000
   13.4000
   14.4000
   15.5000
   19.8000
   20.4000
   12.6000
   13.6000
   14.6000
   30.6000
   14.3000
   18.0000
   13.3000
   19.4000
   12.4000
   13.0000
   13.4000
   12.8000
   13.3000
   14.9000
   15.4000
   15.6000
   18.5000
   13.1000
   14.6000
   16.4000
   18.6000
   14.3000
   14.9000
   15.2000
   16.9000
   18.2000
   26.2000
   33.5000
   13.3000
   13.3000
   14.3000
   14.3000
   14.8000
   16.6000
   13.3000
   14.1000
   14.3000
   12.4000
   11.8000
   11.9000
   13.8000
   15.6000
   23.8000
   25.3000
   25.8000
   25.9000
   15.3000
   23.7000
   12.4000
   12.8000
   12.8000
   14.2000
   24.1000
   55.4000
   36.3000
   12.2000
   12.8000
   14.8000
   16.5000
   13.3000
   14.1000
   14.6000
   16.4000
   19.9000
   22.2000
   26.5000
   36.9000
   12.0000
   12.4000
   13.2000
   16.8000
   12.8000
   14.5000
   16.5000
   18.6000
   19.4000
   22.8000
   16.3000
   16.4000
   15.5000
   15.9000
   12.4000
   12.9000
   13.4000
   14.6000
   15.2000
   16.1000
   14.7000
   15.9000
   16.6000
   18.9000
   21.8000
   26.5000
   20.2000
   38.5000
   13.7000
   14.8000
   15.5000
   15.7000
   12.9000
   13.4000
   13.7000
   23.7000
   14.5000
   16.1000
   36.7000
   39.0000
   20.2000
   38.8000
   37.9000
   13.6000
   14.6000
   19.3000
   21.0000
   13.0000
   18.9000
   28.7000
   32.7000
   33.5000
   35.0000
   13.5000
   14.4000
   12.5000
   14.6000
   15.5000
   37.2000
   12.5000
   13.0000
   18.7000
   13.4000
   13.6000
   16.6000
   16.9000
   12.9000
   13.6000
   21.7000
   30.6000
   13.8000
   14.3000
   16.8000
   17.1000
   24.3000
   28.2000