   17.8000
   15.5000
   17.8000
   16.8000
   16.0000
   19.6000
   25.3000
   30.7000
   34.4000
   45.0000
   22.0000
   25.8000
   17.3000
   21.4000
   21.7000
   19.6000
   35.4000
   49.9000
   20.4000
   22.0000
   15.2000
   20.2000
   15.8000
   19.1000
   15.2000
   17.3000
   20.4000
   15.2000
   16.0000
   15.5000
   17.6000
   15.0000
   15.0000
   17.1000
   18.9000
   13.7000
   17.1000
   14.0000
   28.2000
   14.2000
   14.5000
   27.1000
   32.0000
   15.0000
   15.2000
   19.9000
   15.8000
   15.2000
   18.9000
   16.5000
   17.6000
   20.7000
   22.2000
   21.4000
   15.5000
   20.7000
   15.5000
   17.1000
   17.8000
   24.5000
   17.8000
   19.4000
   17.3000
   20.9000
   28.2000
   17.8000
   19.4000
   39.0000
   62.0000
   15.2000
   16.0000
   15.8000
   24.0000
   22.7000
   18.6000
   33.8000
   17.6000
   35.9000
   17.3000
   23.8000
   18.6000
   23.0000
   38.8000
   44.2000
   18.6000
   16.8000
   20.4000
   17.6000
   18.9000
   18.9000
   17.1000
   20.9000
   18.3000
   23.8000
   21.4000
   30.7000
   18.3000
   23.3000
   17.6000
   25.8000
   23.3000
   23.8000
   14.5000
   18.3000
   35.1000
   41.3000
   20.9000
   21.2000
   40.0000
   44.7000
   14.2000
   18.1000
   13.4000
   38.8000
   54.0000
   21.4000
   29.5000
   22.7000
   21.2000
   22.0000
   15.0000
   16.3000
   13.7000
   17.1000
   17.8000
   20.7000
   25.8000
   27.6000
   15.2000
   17.8000
   16.0000
   23.5000
   19.1000
   25.8000
   18.6000
   18.1000
   17.8000
   18.9000
   31.0000
   14.5000
   19.1000
   15.8000
   20.7000
   21.2000
   14.2000
   16.3000
   26.6000
   27.1000
   15.8000
   18.9000
   18.6000
   19.6000
   24.0000
   22.5000
   24.8000
   24.5000
   18.6000
   22.0000
   24.5000
   22.7000
   16.0000
   19.1000
   31.0000
   50.1000
   16.8000
   17.6000
   19.4000
   19.6000
   20.2000
   25.8000
   23.3000
   33.1000
   42.4000
   52.2000
   17.1000
   17.1000
   45.5000
   52.4000
   15.2000
   17.3000
   17.6000
   17.6000
   37.2000
   27.9000
   32.0000
   20.2000
   22.7000
   23.0000
   27.6000
   25.1000
   25.6000
   24.8000
   33.8000
   16.0000
   17.6000
   18.9000
   18.3000
   22.5000
   29.5000
   44.4000
   60.5000
   14.7000
   16.5000
   42.6000
   16.5000
   18.1000
   21.2000
   22.0000
   33.1000
   36.7000
   21.4000
   25.3000
   25.6000
   19.4000
   25.8000
   18.3000
   27.4000
   18.6000
   35.1000
   57.9000
   27.1000
   18.6000
   17.6000
   20.4000
   20.7000
   18.1000
   22.5000
   20.9000
   23.3000
   29.7000
   15.2000
   18.6000
   17.3000
   17.1000
   19.4000
   14.2000
   18.9000
   20.4000
   30.0000
   19.9000
   19.1000
   23.0000
   27.9000
   18.3000
   20.9000
   20.7000
   17.1000
   18.3000
   17.6000
   16.0000
   21.7000
   29.2000
   55.5000
   16.5000
   18.6000
   18.9000
   20.9000
   17.1000
   15.5000
   24.3000
   26.9000
   27.1000
   20.2000
   22.5000
   17.3000
   30.5000