   14.4000
   15.4000
   21.2000
   22.7000
   24.5000
   17.0000
   16.4000
   16.1000
   18.0000
   37.7000
   14.3000
   18.5000
   18.0000
   15.0000
   15.1000
   15.2000
   37.4000
   15.2000
   16.7000
   14.2000
   16.3000
   15.3000
   20.9000
   16.0000
   22.6000
   18.2000
   43.3000
   14.8000
   14.1000
   19.1000
   17.3000
   18.2000
   18.7000
   15.7000
   15.3000
   14.2000
   22.0000
   24.5000
   17.3000
   13.0000
   20.4000
   18.8000
   20.9000
   15.0000
   38.2000
   24.7000
   18.8000
   15.2000
   15.8000
   16.9000
   21.1000
   14.9000
   15.1000
   18.3000
   16.6000
   18.0000
   15.6000
   17.8000
   17.8000
   15.9000
   15.9000
   24.9000
   20.5000
   27.6000
   17.6000
   17.8000
   15.4000
   17.9000
   15.6000
   15.7000
   15.4000
   16.6000
   16.5000
   15.2000
   33.6000
   28.8000
   41.1000
   17.7000
   18.6000
   18.8000
   14.1000
   17.3000
   17.5000
   16.4000
   17.7000
   16.4000
   16.5000
   15.5000
   17.9000
   18.2000
   21.0000
   25.1000
   33.2000
   40.5000
   15.2000
   19.4000
   17.4000
   17.0000
   41.9000
   18.3000
    9.5000
   19.6000
   16.2000
   19.0000
   17.8000
   18.6000